[General]
AudioFilename: Flicker
OsuOffset: 158	
RawOffset: 158
BPM: 92

[HitObjects]
2767,0,0
3093,3,1,1,false
3745,3,3,2.5,false
5375,0,2
5701,3,0,1,false
6354,3,3,2.5,false
7984,3,0,0.75,false
8473,3,3,1.25,true
8473,1,2,3,true
9288,0,0
9615,0,0
9941,0,3
10267,0,3
10593,0,2
10919,3,1,1,false
11571,3,0,2.5,false
13201,0,3
13528,3,2,1,false
14180,3,1,2.5,false
15810,0,3
16136,3,1,1,false
16788,3,0,2.5,false
18419,0,1
19071,0,2
19723,0,3
20375,2,2,1,0,1,L
21680,1,0,1,true
22332,1,1,0,false
22984,1,0,1,true
22984,3,1,1,true
23636,0,2
24288,0,3
24941,0,2
25267,2,2,0,1,0.5,L
25593,2,2,1,0,0.5,L
25919,2,2,0,1,0.5,L
26245,0,3
26897,0,2
27549,0,1
28201,0,0
28854,0,0
29180,0,1
29506,3,0,1,false
30158,0,3
30484,0,3
30810,0,1
31136,0,1
