[General]
AudioFilename: Still Into You
OsuOffset: 11546	
RawOffset: 11546
BPM: 136

[HitObjects]
11546,0,0
11767,0,2
11987,0,1
12208,0,2
12428,3,1,1,true
12428,1,0,1,true
12870,1,1,0,false
12870,3,0,1,true
13311,1,0,1,true
13752,0,1
13972,0,2
14193,0,3
14855,0,1
15075,0,0
15296,0,1
15737,0,0
15958,0,1
16178,0,2
16399,0,3
16840,0,1
17061,0,3
17281,0,2
17502,0,3
17722,0,2
17943,0,1
18164,0,0
18384,0,3
18605,3,0,1,false
19046,0,3
19708,3,0,1,false
20149,0,2
20370,0,3
21031,3,0,1,false
21472,0,3
21693,0,2
22134,0,2
22355,0,3
22796,0,2
23017,0,1
23237,0,2
23458,3,3,1,false
23899,0,0
24781,2,2,1,2,1,L
25222,2,2,2,1,1,L
25664,0,0
25884,0,3
26105,0,1
26325,0,2
26546,3,3,0.5,false
26987,3,3,0.5,false
27428,0,3
28090,0,2
28311,0,2
28973,0,1
29193,0,2
29414,0,3
29855,0,1
30075,0,0
30296,0,1
30517,3,2,1,false
30958,0,1
31178,0,3
31399,0,3
31620,0,3
31840,0,2
32061,0,1
32281,0,0
32502,0,3
32723,0,2
33384,3,3,1.5,false
33825,0,1
34046,0,0
34708,3,3,1.5,false
35149,0,1
35370,0,0
36031,0,0
36252,0,1
36473,0,3
36914,0,2
37134,0,1
37355,0,2
37575,3,3,1,false
38017,0,0
38237,0,2
38458,0,2
38678,0,2
38899,2,2,1,0,1,L
39340,2,2,0,1,1,L
39781,2,2,1,1,4,L
41546,3,2,1,false
41546,2,2,1,0,2,L
42428,2,2,0,1,2,L
42428,3,3,1,false
43311,3,2,4,false
43311,2,2,1,1,4,L
45296,0,2
45517,0,1
45737,0,2
45958,0,3
46178,0,2
46399,0,1
46620,0,0
46840,0,2
47061,0,1
47281,3,2,1.5,false
47943,0,3
48164,0,1
48384,3,0,2.5,false
49487,1,0,1,true
49487,3,1,2,true
50370,1,1,0,false
50370,3,0,2,true
51252,3,1,2,true
51252,1,0,1,true
52134,1,1,0,false
52355,0,2
52575,0,1
52796,0,2
53017,0,3
53237,0,2
53458,0,1
53678,0,0
53899,0,2
54340,3,2,1.5,false
55002,0,3
55223,0,1
55443,3,0,2.5,false
56546,1,0,1,true
56546,3,1,2,true
57428,1,1,0,false
57428,3,0,2,true
58311,3,1,2,true
58311,1,0,1,true
59193,1,1,0,false
59634,0,2
59855,0,3
60076,0,2
60296,0,3
60517,0,2
60737,0,3
60958,1,1,2,true
60958,3,2,1.5,true
61620,3,1,1.5,true
61620,1,2,1,false
62281,1,1,0,false
62281,3,0,1,true
62723,0,3
62943,0,2
63164,0,3
63384,0,2
63605,0,3
63826,0,2
64046,0,1
64267,0,0
64487,1,2,3,true
64487,3,3,1.5,true
65149,3,2,1,true
65149,1,3,2,false
65590,3,1,0.5,true
65590,1,2,1,false
65811,1,1,2,true
65811,3,2,0.5,true
66031,1,2,1,false
66472,0,3
66693,0,3
66914,0,3
67134,3,2,1,false
67575,3,1,1,false
68017,3,0,4,false
68458,0,3
68899,0,3
69340,0,3
69781,0,3
70664,0,2
70664,0,1
71105,0,2
71105,0,1
71546,0,2
71546,0,1
