[General]
AudioFilename: Chihou Sousei
OsuOffset: 1501
RawOffset: 1501
BPM: 170

[HitObjects]
1501,3,0,0.5,false
1766,0,3
1854,0,0
2030,0,1
2207,0,2
2383,0,1
2560,0,0
2736,0,1
2913,0,2
3089,0,1
3266,0,2
3442,0,3
3619,3,0,1,false
3972,3,3,1,false
4325,0,0
4501,3,0,1,false
4854,0,2
5030,3,2,2,false
5736,0,1
5913,3,1,1,false
6266,0,3
6442,3,3,2,false
7148,2,2,0,1,1,L
7501,2,2,1,0,1,L
7854,2,2,0,1,1,L
8207,2,2,1,0,1,L
8560,2,2,0,0,2,L
8560,3,3,1,false
8913,3,1,1,false
9266,0,3
12795,3,3,2,false
13501,3,0,2,false
14207,1,2,3,true
14383,1,3,2,false
14560,1,2,3,true
14736,1,3,2,false
14913,1,2,3,true
15619,2,2,3,0,1,C
15972,2,2,0,3,1,C
16325,2,2,3,0,2,C
17030,0,3
17383,0,3
17736,3,3,2,false
17736,3,1,2,false
