[General]
AudioFilename: Chihou Sousei
OsuOffset: 1422
RawOffset: 1501
BPM: 170

[HitObjects]
1422,3,0,0.5,false
1687,0,1
1775,0,2
1952,0,1
2128,0,2
2305,0,3
2481,0,2
2658,0,1
2834,0,2
3011,0,1
3187,0,0
3364,0,2
3540,3,1,1,false
3893,3,2,0.75,false
4224,0,1
4400,3,1,1,false
4753,0,3
4930,3,3,1,false
5216,0,0
5305,3,2,0.5,false
5569,0,0
5658,0,3
5834,3,3,1,false
6187,0,0
6364,3,0,2,false
7069,3,3,1,false
7422,3,2,1,false
7775,3,1,1,false
8128,3,0,1,false
8481,3,1,1,false
8481,3,2,1,false
8834,3,0,1,false
8834,3,3,1,false
9187,3,1,1,false
9893,0,3
10069,3,3,1,false
10422,0,0
10599,3,0,1,false
11305,0,2
11481,3,2,1,false
11834,0,1
12011,3,1,1,false
12716,0,0
12716,0,3
13069,0,0
13069,0,1
13422,0,1
13422,0,2
13775,0,2
13775,0,3
14128,0,0
14128,1,3,2,l
14481,0,0
14481,1,3,2,r
14834,0,0
14834,1,3,2,l
14834,3,2,2,true