[General]
AudioFilename: Dango Daikazoku
OsuOffset: 2390
RawOffset: 2390
BPM: 100

[HitObjects]
2390,3,1,1,false
3590,3,1,1,false
4790,3,2,1,false
5990,3,3,1,false
7190,0,0
7790,0,0
8390,3,0,1,false
9590,0,3
10190,0,3
10790,3,3,1,false
11990,3,3,1,false
13190,3,2,1,false
14390,3,1,1,false
15590,3,0,1,false
16790,0,3
17390,0,2
17990,0,1
18590,0,0
19190,0,1
19190,0,2
21590,3,2,1,false
22790,3,1,1,false
23990,3,3,1,false
25190,3,0,1,false
26390,0,1
26990,0,2
27590,0,0
28190,0,3
28790,0,1
28790,0,2
29390,0,1
29390,0,2
29990,0,1
29990,0,2
31190,3,0,1,false
32390,3,1,1,false
33590,3,2,1,false
34790,3,3,1,false
35990,0,0
36290,0,3
36590,0,0
37190,0,2
37790,0,2
38390,3,2,1,false
39590,3,1,1,false
40790,0,0
41090,0,2
41390,3,0,1,false
42590,3,3,1,false
43790,0,2
44390,0,1
44990,0,0
45590,0,1
45890,0,2
46190,0,1
46790,3,3,1,false
47990,3,0,1,false
49190,0,1
49190,0,2
50390,0,1
50390,0,3
50990,0,0
50990,0,2
51590,0,1
51590,0,3
52190,0,0
52190,0,2
52790,3,0,1,false
53390,3,2,1,false
53990,3,1,1,false
54590,3,3,1,false
55190,0,0
55490,0,0
55790,0,0
56390,0,3
56990,0,1
57590,3,2,1,false
58790,3,1,1,false