[General]
AudioFilename: Whiplash
OsuOffset: 7669	
RawOffset: 7800
BPM: 126

[HitObjects]
7800,0,0
8038,0,0
8157,0,1
8276,0,0
8514,0,0
8752,0,0
8871,0,1
8990,0,0
9229,3,2,1,true
9229,1,3,2,false
9705,1,2,3,true
9943,0,2
10062,0,1
10181,0,2
10419,0,2
10657,0,2
10776,0,1
10895,0,2
11133,3,0,1,false
11610,0,3
11729,0,2
11967,0,2
12205,0,1
12324,0,0
12562,2,2,2,3,1,L
13038,2,2,3,2,1,L
13514,0,0
13752,0,2
13871,0,0
14110,0,0
14229,0,2
14467,2,2,1,0,2,C
15419,3,2,1,true
15419,1,3,2,false
15895,3,3,1,true
15895,1,2,3,true
16371,3,2,1,true
16371,1,3,2,false
16848,3,3,1,true
16848,1,2,3,true
17324,1,3,2,false
17324,3,2,1,true
17800,3,3,1,true
17800,1,2,3,true
18276,3,2,1,true
18276,1,3,2,false
18752,1,2,3,true
19229,0,0
19229,0,3
19705,0,0
19705,0,3
20181,0,0
20181,0,3
20657,0,0
20657,0,3
20895,0,2
21133,0,3
21371,0,2
21609,0,1
21848,0,0
22086,3,3,2,false
23038,1,0,1,true
23038,3,1,1,true
23514,1,1,0,false
23990,1,0,1,true
23990,3,1,1,true
24467,1,1,0,false
24943,3,1,1,true
24943,1,0,1,true
25419,1,1,0,false
25895,3,1,1,true
25895,1,0,1,true
26371,1,1,0,false
26848,0,3
26848,0,0
27324,0,3
27324,0,0
27800,0,0
27800,0,3
28276,0,0
28276,0,3
28514,0,2
28752,0,1
28752,0,3
28990,0,1
28990,0,3
29228,0,1
29228,0,3
29467,0,1
29467,0,3
29705,2,2,0,0,1.5,L
30419,2,2,0,1,0.5,R
