[General]
AudioFilename: Whiplash
OsuOffset: 7800	
RawOffset: 7800
BPM: 126

[HitObjects]
7800,0,0
8038,0,0
8157,0,1
8276,0,0
8514,0,0
8752,0,0
8871,0,1
8990,0,0
9229,1,3,2,false
9229,3,2,1,true
9705,1,2,3,true
9943,0,2
10062,0,1
10181,0,2
10419,0,2
10657,0,2
10776,0,1
10895,0,2
11133,3,0,1,false
11610,0,3
11729,0,2
11967,0,2
12205,0,1
12324,0,0
12562,2,2,2,3,1,L
13038,2,2,3,2,1,L
13514,0,0
13752,0,2
13871,0,0
14110,0,0
14229,0,2
14467,2,2,1,0,2,C
15419,1,3,2,false
15419,3,2,1,true
15895,1,2,3,true
15895,3,3,1,true
15895,0,0
16371,1,3,2,false
16371,3,2,1,true
16848,0,0
16848,1,2,3,true
16848,3,3,1,true
17086,0,0
17324,3,2,1,true
17324,1,3,2,false
17800,0,0
17800,1,2,3,true
17800,3,3,1,true
18276,1,3,2,false
18276,3,2,1,true
18752,1,2,3,true
18752,0,0
19229,0,0
19229,0,3
19705,0,0
19705,0,3
20181,0,0
20181,0,3
20657,0,0
20657,0,3
20895,0,2
21133,0,3
21371,0,2
21609,0,1
21848,0,0
22086,3,3,2,false
23038,1,0,1,true
23038,3,1,1,true
23514,1,1,0,false
23514,0,3
23990,3,1,1,true
23990,1,0,1,true
24467,0,3
24467,1,1,0,false
24705,0,3
24943,3,1,1,true
24943,1,0,1,true
25419,0,3
25419,1,1,0,false
25895,1,0,1,true
25895,3,1,1,true
26371,1,1,0,false
26371,0,3
26848,0,3
26848,0,0
27324,0,3
27324,0,0
27800,0,0
27800,0,3
28276,0,0
28276,0,3
28514,0,2
28752,0,3
28752,0,1
28990,0,3
28990,0,1
29228,0,3
29228,0,1
29467,0,3
29467,0,1
29705,2,2,0,0,1.5,L
30419,2,2,0,1,0.5,R
30657,0,3
30895,0,2
31133,0,1
31371,0,2
31609,0,2
31728,0,1
31967,0,1
32086,3,3,0.5,false
32086,1,2,3,true
32324,1,3,2,false
32562,0,3
32562,0,1
32800,0,0
33038,0,1
33038,0,2
33276,0,0
33514,0,1
33633,0,2
33871,0,3
33990,0,2
34229,0,1
34467,3,0,0.5,false
34705,0,2
34943,0,0
35181,0,2
35419,0,1
35538,0,0
35776,0,0
35895,3,2,0.5,false
35895,1,1,2,true
36133,1,2,1,false
36371,0,3
36371,0,0
36609,0,2
36848,0,0
36848,0,3
37086,0,1
37324,0,1
37443,0,3
37681,0,3
37800,0,2
38038,0,0
38276,0,1
38276,0,3
43991,0,2
43991,3,0,1,false
44467,3,1,1,false
44467,0,3
44943,3,2,1,false
44943,0,0
45419,0,1
45419,3,3,1,false
45895,0,0
46014,0,1
46252,0,1
46491,0,0
46610,0,1
46848,2,2,3,0,1,L
47324,2,2,0,0,3,L
47562,0,2
47800,0,1
47919,0,2
48157,0,2
48395,0,1
48514,0,2
48752,2,2,0,3,1,L
49229,0,0
49467,0,2
49467,0,1
49705,0,3
49705,0,0
49943,0,2
49943,0,1
50181,0,3
50181,0,0
50419,0,2
50419,0,1
50657,0,1
50657,0,0
50895,0,1
50895,0,2
51133,0,2
51133,0,3
51372,3,1,2.5,false
51372,3,2,2,false
52324,1,2,3,true
52562,1,1,0,false
53514,3,3,1,true
53514,2,2,1,0,1,L
53514,1,2,3,true
53991,2,2,0,0,1,L
53991,3,2,1,true
53991,1,3,2,false
54467,2,2,0,1,1,L
54467,1,2,3,true
54943,0,3
54943,2,2,1,1,1,L
55181,0,3
55419,2,2,1,0,1,L
55419,3,2,1,true
55419,1,3,2,false
55895,1,2,3,true
55895,2,2,0,0,1,L
55895,3,3,1,true
56372,2,2,0,1,1,L
56372,1,3,2,false
56848,0,3
56848,2,2,1,1,1,L
57086,0,3
57324,0,0
57324,0,3
57800,0,0
57800,0,3
58276,0,3
58276,0,0
58753,0,3
58753,0,0
58991,0,2
59229,0,1
59229,0,3
59467,0,3
59705,0,1
59705,0,3
59943,0,3
60181,2,2,0,3,2,C
61134,3,2,1,true
61134,1,1,2,true
61134,2,2,3,0,1,L
61610,2,2,0,3,1,L
61610,3,1,1,true
61610,1,2,1,false
62086,3,2,1,true
62086,2,2,3,0,1,L
62086,1,1,2,true
62562,2,2,0,3,1,L
62562,3,1,1,true
62562,1,2,1,false
63038,3,2,1,true
63038,2,2,3,0,1,L
63038,1,1,2,true
63515,2,2,0,3,1,L
63515,3,1,1,true
63515,1,2,1,false
63991,3,2,1,true
63991,2,2,3,0,1,L
63991,1,1,2,true
64467,1,2,1,false
64943,0,2
64943,0,1
65419,0,1
65419,0,2
65896,0,1
65896,0,2
66372,0,1
66372,0,2
66610,0,3
66848,0,0
67086,0,1
67324,0,2
67562,0,3
67800,3,2,2,false
67800,3,1,2,false
68753,1,1,0,false
68753,1,2,3,true
