[General]
AudioFilename: Dango Daikazoku
OsuOffset: 2390
RawOffset: 2390
BPM: 100

[HitObjects]
2390,3,0,1,false
3590,3,1,1,false
4790,3,2,1,false
5990,3,3,1,false
7190,0,0
7790,0,0
8390,3,0,1,false
9590,0,3
10190,0,3
10790,2,2,0,1,2,L
11990,0,3
13190,0,2
14390,0,1
15590,0,0
16790,0,3
17390,0,2
17990,0,1
18590,0,0
19190,0,1
19190,0,2
21590,3,2,1,false
22790,3,1,1,false
23990,3,3,1,false
25190,3,0,1,false
26390,0,1
26990,0,2
27590,0,0
28190,0,3
28790,0,1
28790,0,2
29390,0,1
29390,0,2
29990,0,1
29990,0,2
31190,3,0,1,false
32390,3,1,1,false
33590,3,2,1,false
34790,3,3,1,false
35990,0,0
36590,0,0
37190,0,2
37790,0,2
38390,3,2,1,false
39590,3,1,1,false
40790,0,0
41390,3,0,1,false
41990,0,3
42590,3,3,1,false
43190,0,0
43790,0,3
44390,0,2
44990,0,1
45590,0,0
46190,0,1
46790,0,2
47390,0,3
47990,3,0,1,false
49190,0,1
49190,0,2
50390,0,1
50390,0,3
50990,0,0
50990,0,2
51590,0,1
51590,0,3
52190,0,0
52190,0,2
52790,3,0,1,false
53390,3,2,1,false
53990,3,1,1,false
54590,3,3,1,false
55190,0,0
55790,0,0
56390,0,2
56990,0,3
57590,2,2,2,3,2,L
58790,2,2,3,2,2,L
59990,3,0,1,false
61190,3,1,1,false
61190,3,3,1,false
62390,3,1,1,false
62390,3,2,1,false
63590,3,0,1,false
63590,3,1,1,false
64790,3,0,1,false
64790,3,2,1,false
65990,3,1,1,false
65990,3,2,1,false
67190,0,1
67190,0,2
68390,0,2
68990,0,3
69590,3,0,2,false
70790,3,2,2,false
71990,3,1,2,false
73190,3,3,2,false
74390,3,2,2,false
75590,3,3,4,false
77990,0,0
78590,0,0
79190,3,0,1.5,false
80090,0,3
80990,0,0
81590,0,1
82190,0,3
82790,0,2
83390,0,1
83990,3,3,1.5,false
84890,0,1
85790,0,0
86390,0,0
87590,0,0
87891,0,2
88191,0,0
88491,0,2
88791,3,0,1.5,false
89691,0,3
90590,0,2
91191,0,2
91790,0,3
92390,0,3
92990,0,2
93590,3,1,1,false
94791,3,2,1,false
95991,3,3,1,false
97190,0,3
97791,0,3
98391,2,2,3,1,2,L
99591,0,0
100191,0,3
100791,0,0
101391,0,2
101991,0,0
102591,0,2
103190,3,1,1,false
104391,3,2,1,false
105591,0,3
106791,0,0
107391,0,0
107991,2,2,0,2,2,L
109191,0,3
110390,0,0
110690,0,0
110990,0,0
111590,3,3,1,false
112190,3,2,1,false
112790,3,1,1,false
113990,0,1
115191,3,1,2,false
116390,0,0
116990,0,0
116990,0,1
117591,0,0
117591,0,1
