[General]
AudioFilename: Dango Daikazoku
OsuOffset: 2390
RawOffset: 2390
BPM: 100

[HitObjects]
2390,0,0
2390,0,2
2690,0,1
2990,0,0
3590,3,2,1,false
4190,0,0
4790,3,3,1,false
5390,0,1
5990,3,2,1,false
6590,0,0
7190,3,2,1,false
7190,0,0
7490,0,0
7790,0,0
8390,3,1,1,false
8990,3,2,1,false
9590,0,3
10190,0,3
10490,0,2
10790,0,3
11990,0,1
12290,0,2
12590,0,1
13190,3,2,1,false
13790,0,3
14390,3,1,1,false
14990,0,3
15590,3,0,1,false
16190,0,3
17990,0,1
21590,0,1
21890,0,0
22190,3,1,1,false
22790,0,3
23390,3,1,1,false
23390,0,3
23990,3,2,1,false
24590,3,3,1,false
25190,3,0,1,false
25790,0,2
26390,0,2
26690,0,3
26990,0,2
27590,0,0
28190,0,3
28790,0,1
28790,0,2
29390,0,1
29390,0,2
29990,3,1,1,false
29990,3,2,1,false
31190,0,0
31490,0,1
31790,3,0,1,false
32390,3,1,1,false
32990,3,2,1,false
33590,3,3,1,false
34190,3,2,1,false
34790,3,3,1,false
35390,3,2,1,false
35990,0,1
36290,0,0
36590,0,3
37190,0,0
37190,0,2
37790,0,1
37790,0,2
38390,0,1
38390,3,2,1,false
39590,0,0
39590,3,1,1,false
40790,0,0
41090,0,1
41390,3,3,1,false
41990,0,1
42590,3,3,1,false
43190,0,0
43790,0,2
44390,0,1
44990,0,0
45590,0,1
45890,0,2
46190,0,1
46790,3,3,1,false
47390,0,1
47990,3,0,1,false
48590,0,2
49190,0,1
49190,0,2
50390,0,1
50390,0,3
50990,0,0
50990,0,2
51590,0,1
51590,0,3
52190,0,0
52190,0,2
52790,3,0,1,false
53390,3,2,1,false
53990,3,1,1,false
54590,3,3,1,false
55190,0,0
55490,0,0
55790,0,0
56390,0,3
56990,0,1
57590,3,2,1,false
58790,3,1,1,false
59990,3,0,1,false
59990,3,2,1,false
61190,3,1,1,false
61190,3,3,1,false
62390,3,1,1,false
62390,3,2,1,false
63590,3,0,1,false
63590,3,1,1,false
64790,3,0,1,false
64790,3,2,1,false
65990,3,1,1,false
65990,3,2,1,false
67190,0,1
67190,0,2
67790,0,0
68390,0,2
68990,0,1
69590,3,0,2,false
70790,3,2,2,false
71990,3,1,2,false
73190,3,3,2,false
74390,3,2,2,false
75590,3,3,4,false
77990,0,0
78290,0,1
78590,0,0
78890,0,1
79190,3,0,1,false
79790,0,3
80090,3,3,1,false
80690,0,0
80990,0,3
81290,0,1
81590,0,2
81890,0,0
82190,3,3,1,false
83090,0,0
83390,0,1
83690,0,2
83990,3,3,1,false
84890,3,1,1,false
85790,0,3
86090,0,0
86390,0,3
87590,0,0
87890,0,1
88190,0,0
88490,0,1
88790,1,0,1,r
88790,3,1,1,true
89390,0,3
89690,3,3,1,false
90290,0,0
90590,0,2
90890,0,1
91190,0,3
91490,0,2
91790,0,3
92390,0,3
92990,0,2
93590,3,1,1,false
94490,0,0
94790,0,2
95390,0,2
95690,3,0,1,false
96290,0,2
97190,0,3
97490,0,2
97790,0,1
98090,0,2
98390,3,3,1,false
98990,0,0
99290,3,0,1,false
99890,0,1
100190,0,2
100490,0,1
100790,3,3,0.5,false
101090,0,0
101390,3,2,1,false
101990,0,0
102290,0,1
102590,0,0
102890,0,1
103190,3,1,1,false
103790,0,2
104090,3,2,1,false
104690,0,0
104990,0,1
105290,0,2
105590,0,3
106790,0,0
107090,0,1
107390,0,2
107690,0,1
107990,3,0,1,false
108590,0,3
108890,3,3,1,false
109490,0,1
109790,0,1
110090,0,2
110390,0,0
110690,0,0
110990,0,0
111590,3,3,1,false
112190,3,2,1,false
112790,3,1,1,false
113990,0,1
114590,0,1
114890,0,2
115490,3,2,1.5,false
116390,0,0
116990,0,0
116990,0,1
117590,0,1
117590,0,2