[General]
AudioFilename: Everlasting Message
OsuOffset: 8492
RawOffset: 8492
BPM: 230

[HitObjects]
8492,0,0
8492,0,3
9014,3,0,2,false
9014,0,3
9535,3,1,2,false
10057,3,3,2,false
10579,2,2,0,3,4,L
12144,0,2
12144,0,0
12405,0,1
12405,0,0
12666,3,0,4,false
13709,2,2,2,3,2,C
14231,0,1
14231,2,2,3,2,2,C
14753,3,1,1.5,true
14753,1,0,1,true
15144,1,1,2,true
15144,3,2,1.5,true
15535,1,2,3,true
15535,3,3,1.5,true
15927,1,3,2,false
15927,3,2,1.5,true
16318,3,1,1,true
16318,1,2,1,false
16579,1,1,0,false
16840,3,0,3,false
17101,0,1
17362,0,2
17492,0,3
17622,0,2
17883,0,0
18014,0,1
18144,0,2
18275,0,3
18405,0,3
18535,0,2
18666,0,1
18796,0,0
18927,0,1
19188,0,1
19188,0,0
19449,0,2
19449,0,1
19709,0,1
19709,0,0
19970,0,2
19970,0,3
20231,0,0
20492,0,1
20753,0,2
21014,3,3,1.5,false
21405,3,2,1.5,false
21796,3,1,1.5,false
22188,3,0,1.5,false
22579,0,1
22840,0,0
23101,2,2,3,1,2,C
23622,2,2,1,3,2,C
24144,2,2,3,0,2,C
24666,2,2,0,1,0.25,L
24731,2,2,1,0,0.25,L
24796,2,2,0,1,0.25,L
24862,2,2,1,0,0.25,L
24927,2,2,0,1,0.25,L
24992,2,2,1,0,0.25,L
25057,2,2,0,1,0.25,L
25122,2,2,1,0,0.25,L
